1,1,1,0:1,
2,2,2,1:0,1,0,1,
3,2,4,2:1,1,0,1,
3,3,2,3:0,0,1,0,0,1,0,0,1,
4,2,1,4:1,1,1,1,
4,3,4,5:0,0,1,0,1,1,0,0,1,
4,4,2,6:0,0,0,1,0,0,0,1,0,0,0,1,0,0,0,1,
4,3,8,7:0,0,1,0,0,1,0,1,1,
4,3,4,8:0,1,0,0,1,1,0,0,1,
5,4,8,9:0,0,0,1,0,0,0,1,0,0,0,1,0,0,1,1,
5,3,4,10:0,0,1,1,1,1,0,0,1,
5,3,4,11:1,1,1,0,0,1,0,0,1,
5,4,8,12:0,0,0,1,0,0,0,1,0,0,1,1,0,0,1,0,
5,3,4,13:0,0,1,1,1,1,1,0,0,
5,5,2,14:0,0,0,0,1,0,0,0,0,1,0,0,0,0,1,0,0,0,0,1,0,0,0,0,1,
5,3,8,15:0,1,1,0,1,1,0,0,1,
5,3,4,16:0,0,1,0,1,1,1,1,0,
5,3,4,17:0,1,1,0,0,1,0,1,1,
5,3,8,18:1,1,0,0,1,1,0,1,0,
5,3,1,19:0,1,0,1,1,1,0,1,0,
5,4,8,20:0,0,0,1,0,0,1,1,0,0,0,1,0,0,0,1,
